STARLINK-1008           
1 44714U 19074B   26143.85005199  .00012707  00000+0  25634-3 0  9993
2 44714  53.1534 184.9726 0002765  36.4032 323.7164 15.46930636360444
STARLINK-1012           
1 44718U 19074F   26144.17340574  .00023842  00000+0  46896-3 0  9997
2 44718  53.1575 183.7366 0002587  30.9606 329.1554 15.47169777360486
STARLINK-1017           
1 44723U 19074L   26143.53136192  .00024025  00000+0  82206-3 0  9990
2 44723  53.0466 184.4345 0005127 347.3741  12.7129 15.30133498360401
STARLINK-1020           
1 44725U 19074N   26143.60006102  .00046689  00000+0  76242-3 0  9990
2 44725  53.1576 211.0840 0003624  13.2476 346.8629 15.52123333360033
STARLINK-1036           
1 44741U 19074AE  26143.81478262  .00036665  00000+0  33602-3 0  9997
2 44741  53.0424 180.9956 0002826 326.0153  34.0681 15.67425762360473
STARLINK-1039           
1 44744U 19074AH  26143.92613404  .00025483  00000+0  94521-3 0  9994
2 44744  53.0574 227.6773 0002857   3.8180 356.2839 15.27464314359836
STARLINK-1042           
1 44747U 19074AL  26144.13785338  .00021753  00000+0  34524-3 0  9990
2 44747  53.0416  91.7441 0003579  59.7198 300.4165 15.53319434361788
STARLINK-1043           
1 44748U 19074AM  26143.85209889  .00028912  00000+0  33955-3 0  9992
2 44748  53.0486 190.3557 0001072  66.9036 293.2089 15.61254325360359
STARLINK-1046           
1 44751U 19074AQ  26144.19541720  .00055052  00000+0  86227-3 0  9992
2 44751  53.0474 209.4368 0007052  15.1199 345.0020 15.53189223360112
STARLINK-1047           
1 44752U 19074AR  26143.84121765  .00009518  00000+0  29554-3 0  9993
2 44752  53.0681 154.4846 0003577  86.1939 273.9471 15.34065608360872
STARLINK-1048           
1 44753U 19074AS  26143.34340907  .00037618  00000+0  37034-3 0  9994
2 44753  53.0446 165.1121 0007189   6.1421 353.9681 15.65604988360650
STARLINK-1063           
1 44768U 19074BH  26144.18561714  .00029541  00000+0  58367-3 0  9992
2 44768  53.1558 224.3909 0001368  20.5417 339.5645 15.46918326359933
STARLINK-1067           
1 44771U 19074BL  26143.85297402  .00054558  00000+0  40706-3 0  9993
2 44771  53.0423 195.2236 0006687 335.6106  24.4594 15.72199675360280
STARLINK-1068           
1 44772U 19074BM  26144.18224999  .00047762  00000+0  34582-3 0  9996
2 44772  53.0425 167.3202 0002457  59.7618 300.3642 15.72987615360693
STARLINK-1114           
1 44927U 20001P   26144.17002528  .00077820  00000+0  83822-3 0  9990
2 44927  53.0427 323.3653 0001049 349.8444  10.2548 15.63038801351851
STARLINK-1123           
1 44930U 20001S   26144.07350119  .00062001  00000+0  89298-3 0  9993
2 44930  53.1461 349.8417 0002703 226.3345 133.7443 15.55464770351485
STARLINK-1094           
1 44941U 20001AD  26144.19354296  .00061463  00000+0  99701-3 0  9999
2 44941  53.1543 323.9132 0002537 270.9896  89.0824 15.52193107351864
STARLINK-1122           
1 44949U 20001AM  26144.20136421  .00062016  00000+0  10149-2 0  9990
2 44949  53.1568 324.4436 0002184 268.9376  91.1384 15.51943093351850
STARLINK-1080           
1 44961U 20001AZ  26144.25002315  .01253964  00000+0  12094-1 0  9998
2 44961  53.0455 283.6021 0001255  75.8121 201.6722 15.63495412  5945
STARLINK-1090           
1 44968U 20001BG  26143.96011411  .00053936  00000+0  10035-2 0  9999
2 44968  53.1504 312.9473 0001101 275.6852  84.4031 15.48371986351997
STARLINK-1132           
1 45044U 20006A   26143.66180720  .00053848  00000+0  84025-3 0  9990
2 45044  53.1516 255.9566 0001520 338.3871  21.7075 15.53328861348547
STARLINK-1131           
1 45047U 20006D   26144.09617385  .00060124  00000+0  10447-2 0  9994
2 45047  53.1578 286.3551 0002530 320.0261  40.0562 15.50271948348155
STARLINK-1134           
1 45048U 20006E   26143.67602578  .00082071  00000+0  12200-2 0  9990
2 45048  53.0268 238.9977 0006859  17.6764 342.4483 15.54457295348764
STARLINK-1156           
1 45054U 20006L   26143.88378532  .00035671  00000+0  10863-2 0  9997
2 45054  53.1580 291.1690 0002107 301.0416  59.0379 15.33677323348069
STARLINK-1166           
1 45060U 20006S   26144.14801812  .00066871  00000+0  91525-3 0  9997
2 45060  53.0463 269.8894 0002958 317.2624  42.8156 15.56809916348374
STARLINK-1169           
1 45061U 20006T   26143.81891142  .00025785  00000+0  71784-3 0  9990
2 45061  53.1559 290.4016 0003182 256.7464 103.3185 15.36667881348070
STARLINK-1171           
1 45062U 20006U   26143.98494078  .00054335  00000+0  40581-3 0  9990
2 45062  53.0414 238.2309 0001854 298.2449  61.8381 15.72201672348802
STARLINK-1133           
1 45064U 20006W   26144.05019095  .00030501  00000+0  93246-3 0  9998
2 45064  53.1561 267.1701 0003021 317.5127  42.5641 15.33631876348424
STARLINK-1167           
1 45071U 20006AD  26144.07536331  .00029770  00000+0  84689-3 0  9992
2 45071  53.1573 266.3626 0002687 246.8767 113.1953 15.35915034348438
STARLINK-1168           
1 45072U 20006AE  26144.25002315  .00074493  00000+0  22376-2 0  9999
2 45072  53.1566 266.4455 0002353 318.8219 170.5891 15.33778328  5871
STARLINK-1172           
1 45074U 20006AG  26143.78246056  .00037052  00000+0  10181-2 0  9991
2 45074  53.1538 267.1842 0002630 270.3516  89.7187 15.36887497348397
STARLINK-1153           
1 45080U 20006AN  26144.05876992  .00037452  00000+0  10605-2 0  9992
2 45080  53.1586 266.3577 0003344 274.2629  85.7992 15.35946641348435
STARLINK-1151           
1 45081U 20006AP  26143.60460469  .00061895  00000+0  40190-3 0  9992
2 45081  53.0479 229.1833 0003162 311.9742  48.1007 15.75408010348898
STARLINK-1185           
1 45087U 20006AV  26144.02085541  .00046896  00000+0  10097-2 0  9995
2 45087  53.1587 247.5364 0003937 327.7153  32.3612 15.44173896348691
STARLINK-1183           
1 45088U 20006AW  26144.00881466  .00014219  00000+0  44264-3 0  9992
2 45088  53.1567 252.1660 0002969 326.7557  33.3258 15.33561768348629
STARLINK-1152           
1 45096U 20006BE  26144.18793833  .00051130  00000+0  99850-3 0  9994
2 45096  53.0339 207.9152 0003852  20.3280 339.7879 15.46990060349246
STARLINK-1184           
1 45098U 20006BG  26143.75463267  .00016758  00000+0  93809-3 0  9998
2 45098  53.0523 265.4747 0003630   2.8257 357.2754 15.13560400348392
STARLINK-1193           
1 45100U 20006BJ  26143.91251144  .00037614  00000+0  36074-3 0  9994
2 45100  53.0468 223.1174 0003701 283.9790  76.0813 15.66281477349005
STARLINK-1143           
1 45179U 20012B   26144.25002315  .00158368  00000+0  69767-3 0  9994
2 45179  53.0369 314.6974 0003299 303.9398  76.7002 15.83566346  5998
STARLINK-1202           
1 45183U 20012F   26144.14735535  .00033736  00000+0  10389-2 0  9990
2 45183  53.1560  48.2549 0002772 115.0019 245.1271 15.33351200346514
STARLINK-1216           
1 45185U 20012H   26143.99889832  .00033397  00000+0  10202-2 0  9991
2 45185  53.1574  48.8355 0003037 113.5277 246.6045 15.33611561346431
STARLINK-1225           
1 45187U 20012K   26143.99717689  .00023027  00000+0  71012-3 0  9999
2 45187  53.1569  49.3032 0002348 104.1699 255.9564 15.33512414346473
STARLINK-1230           
1 45189U 20012M   26144.13769587  .00033276  00000+0  10195-2 0  9993
2 45189  53.1565  48.7070 0002937 114.9938 245.1370 15.33518788343726
STARLINK-1234           
1 45190U 20012N   26144.18923872  .00059946  00000+0  44777-3 0  9995
2 45190  53.0410 313.1412 0006149 180.5621 179.5390 15.72138175347729
STARLINK-1269           
1 45197U 20012V   26144.13355363  .00035459  00000+0  10848-2 0  9995
2 45197  53.1579  48.5758 0003143  82.7626 277.3733 15.33533918346474
STARLINK-1154           
1 45198U 20012W   26144.25002315  .00028061  00000+0  31562-3 0  9993
2 45198  53.0431   6.1364 0000642  73.8718 160.0200 15.62391771  5928
STARLINK-1199           
1 45201U 20012Z   26143.97394196  .00034600  00000+0  10604-2 0  9996
2 45201  53.1574  33.5863 0002532 134.7226 225.3982 15.33490345346690
STARLINK-1209           
1 45206U 20012AE  26143.93325296  .00103419  00000+0  10701-2 0  9995
2 45206  53.0405 328.1112 0009223 172.9730 187.1415 15.63891655346648
STARLINK-1231           
1 45212U 20012AL  26143.95592584  .00025609  00000+0  97105-3 0  9998
2 45212  53.0394  28.4199 0003748  57.4710 302.6649 15.26729331346708
STARLINK-1271           
1 45217U 20012AR  26143.97323477  .00033513  00000+0  10235-2 0  9999
2 45217  53.1577  33.7296 0002219 121.9278 238.1940 15.33619471346698
STARLINK-1191           
1 45222U 20012AW  26143.86106867  .00037575  00000+0  10163-2 0  9997
2 45222  53.1559   7.6754 0004189 136.2449 223.8888 15.37369285347052
STARLINK-1212           
1 45223U 20012AX  26144.02748551  .00043649  00000+0  43238-3 0  9998
2 45223  53.0414 343.3957 0003641 104.2284 255.9135 15.65402687347394
STARLINK-1215           
1 45225U 20012AZ  26143.90814838  .00030895  00000+0  94170-3 0  9998
2 45225  53.1573   8.3105 0002171 162.6952 197.4125 15.33720604347007
STARLINK-1221           
1 45227U 20012BB  26143.64793237  .00013494  00000+0  29714-3 0  9998
2 45227  53.0644 273.7152 0001823 232.1515 127.9325 15.44285931348280
STARLINK-1222           
1 45228U 20012BC  26143.84380228  .00011508  00000+0  18193-3 0  9996
2 45228  53.0541 341.2292 0001074 162.5738 197.5308 15.53989004347290
STARLINK-1226           
1 45229U 20012BD  26143.89145634  .00044584  00000+0  10276-2 0  9995
2 45229  53.1580   5.3583 0002957 152.7932 207.3229 15.42169680346989
STARLINK-1227           
1 45230U 20012BE  26143.90240201  .00042231  00000+0  97021-3 0  9996
2 45230  53.1553   5.4288 0003578 151.0835 209.0370 15.42289956347108
STARLINK-1246           
1 45235U 20012BK  26144.01014892  .00033380  00000+0  10188-2 0  9992
2 45235  53.1564  48.7850 0003154 128.8622 231.2662 15.33637611346516
STARLINK-1270           
1 45237U 20012BM  26143.86239975  .00073463  00000+0  91541-3 0  9996
2 45237  53.0426 344.9973 0003027 137.6309 222.4937 15.59271614347355
STARLINK-1279           
1 45360U 20019A   26144.10394672  .00061501  00000+0  45670-3 0  9996
2 45360  53.0360  88.3551 0008960  61.7894 298.4027 15.72238475342482
STARLINK-1301           
1 45361U 20019B   26144.10343451  .00064582  00000+0  43516-3 0  9995
2 45361  53.0370  91.2431 0006285  80.8744 279.2985 15.74518545342456
STARLINK-1262           
1 45366U 20019G   26144.10161856  .00025575  00000+0  81001-3 0  9997
2 45366  53.1543 174.7089 0003719  24.4703 335.6475 15.32597628341305
STARLINK-1273           
1 45367U 20019H   26143.72638456  .00047075  00000+0  69510-3 0  9990
2 45367  53.0444 154.8289 0007324   5.9518 354.1578 15.54877760341537
STARLINK-1277           
1 45369U 20019K   26143.74403084  .00070664  00000+0  81585-3 0  9997
2 45369  53.0443 149.5138 0006878 356.6374   3.4591 15.61264744341619
STARLINK-1281           
1 45370U 20019L   26143.79624744  .00026577  00000+0  81803-3 0  9999
2 45370  53.1566 175.8544 0004862  20.8118 339.3081 15.33484143341260
STARLINK-1300           
1 45374U 20019Q   26143.81266935  .00027072  00000+0  82212-3 0  9996
2 45374  53.1592 175.7285 0004603  36.0605 324.0707 15.33901859341261
STARLINK-1302           
1 45375U 20019R   26144.03019547  .00036475  00000+0  35998-3 0  9993
2 45375  53.0449 144.5820 0005503  23.0432 337.0828 15.65570603341706
STARLINK-1304           
1 45376U 20019S   26143.98683105  .00072761  00000+0  86125-3 0  9990
2 45376  53.0424 145.6029 0006404  22.7270 337.4025 15.60607663341682
STARLINK-1305           
1 45377U 20019T   26144.21388751  .00067230  00000+0  56114-3 0  9997
2 45377  53.0380 123.9701 0001730 137.1207 222.9944 15.69452661342019
STARLINK-1319           
1 45379U 20019V   26144.17018473  .00059341  00000+0  39864-3 0  9992
2 45379  53.0389 116.4892 0005032  44.0024 316.1394 15.74632301342113
STARLINK-1266           
1 45383U 20019Z   26144.25002315  .01221199  00000+0  13720-1 0  9998
2 45383  53.0441 129.5840 0001700  86.2017  65.3146 15.59592035  5872
STARLINK-1267           
1 45384U 20019AA  26144.12426758  .00103171  00000+0  11041-2 0  9999
2 45384  53.0427 121.3958 0007876  56.6369 303.5398 15.63049615342032
STARLINK-1272           
1 45386U 20019AC  26144.12279684  .00047981  00000+0  43039-3 0  9994
2 45386  53.0398 100.6569 0008515  46.1492 314.0226 15.67793198342326
STARLINK-1274           
1 45387U 20019AD  26144.13422780  .00070978  00000+0  89844-3 0  9999
2 45387  53.0209  98.9401 0009138  72.0462 288.1545 15.58829147342340
STARLINK-1280           
1 45388U 20019AE  26144.12390200  .00067551  00000+0  43898-3 0  9992
2 45388  53.0380 109.1694 0005699  56.0020 304.1540 15.75340476342199
STARLINK-1283           
1 45389U 20019AF  26144.15291780  .00062139  00000+0  52811-3 0  9991
2 45389  53.0401  99.7417 0004397  69.7545 290.3943 15.69037243342346
STARLINK-1284           
1 45390U 20019AG  26144.22337330  .00045437  00000+0  40483-3 0  9997
2 45390  53.0401 123.1506 0005215   3.9354 356.1701 15.68011112342010
STARLINK-1297           
1 45395U 20019AM  26144.15909419  .00042941  00000+0  40821-3 0  9990
2 45395  53.0411 122.3243 0006963  11.7269 348.3907 15.66419389341205
STARLINK-1307           
1 45397U 20019AP  26144.23453015  .00027955  00000+0  40860-3 0  9998
2 45397  53.0519 126.6334 0002681  49.3504 310.7739 15.55434600341797
STARLINK-1255           
1 45399U 20019AR  26144.10200781  .00086722  00000+0  90056-3 0  9995
2 45399  53.0349  96.1280 0006182  65.2632 294.9025 15.63905855342190
STARLINK-1260           
1 45404U 20019AW  26144.12671368  .00039241  00000+0  11028-2 0  9992
2 45404  53.1556 137.3159 0005967  33.6248 326.5133 15.36148399341545
STARLINK-1263           
1 45405U 20019AX  26144.13621087  .00023228  00000+0  71483-3 0  9997
2 45405  53.1563 138.2469 0004402  53.7803 306.3605 15.33569386341530
STARLINK-1265           
1 45406U 20019AY  26143.99273738  .00036878  00000+0  10256-2 0  9992
2 45406  53.1558 137.9732 0005513  25.0627 335.0643 15.36505703341520
STARLINK-1278           
1 45408U 20019BA  26144.13039697  .00044077  00000+0  40426-3 0  9998
2 45408  53.0403 121.5007 0007340  32.7340 327.4129 15.67294106341756
STARLINK-1296           
1 45412U 20019BE  26143.25398988  .00038098  00000+0  10531-2 0  9995
2 45412  53.1566 141.1542 0006541  21.2863 338.8411 15.36675042341410
STARLINK-1309           
1 45414U 20019BG  26144.20603233  .00041722  00000+0  39534-3 0  9998
2 45414  53.0604 114.9386 0006858  11.1281 348.9884 15.66514554341836
STARLINK-1316           
1 45415U 20019BH  26144.13682972  .00040619  00000+0  11094-2 0  9992
2 45415  53.1546 136.9806 0006714  24.3080 335.8239 15.37017138341572
STARLINK-1286           
1 45417U 20019BK  26144.09711230  .00042171  00000+0  47251-3 0  9999
2 45417  53.0453 126.5336 0001174 109.4464 250.6676 15.62285347341957
STARLINK-1308           
1 45419U 20019BM  26144.01302014  .00081083  00000+0  83890-3 0  9993
2 45419  53.0460 146.5460 0008514 358.6746   1.4244 15.64007927341415
STARLINK-1329           
1 45531U 20025A   26144.19878132  .00053397  00000+0  41859-3 0  9999
2 45531  53.0424  70.1260 0004827  88.7333 271.4237 15.71046494337287
STARLINK-1338           
1 45532U 20025B   26144.11221231  .00042768  00000+0  41080-3 0  9990
2 45532  53.0450  76.6433 0004582  61.3732 298.7743 15.66179646337181
STARLINK-1350           
1 45535U 20025E   26144.02229102  .00008672  00000+0  23963-3 0  9994
2 45535  53.0725  38.8464 0001669  75.2302 284.8886 15.37874441337742
STARLINK-1362           
1 45538U 20025H   26144.16637133 -.00113621  00000+0 -32895-2 0  9995
2 45538  53.1545 109.0607 0003046  88.6733 271.4619 15.35450414336757
